Dataset: MNIST
Data Type: Raw
Percentage of data: 100%
Architecture: [784,500,500,10]
Ativation: Sigmoid
Optimizer: adam

Train_loss=[0.008832917410186767, 0.004518496031477724, 0.0031850113197128306, 0.0023707651973511527, 0.001742001177620836, 0.001351021953606554, 0.0010757665892788576, 0.0009610659502402181, 0.0007745536081790572, 0.0006024458257862261, 0.0005446291770354906, 0.003423635604168046, 0.00311656070798234, 0.001372659150710142, 0.0006909691060092005]
Train_accuracy=[95.28833333333333, 97.39833333333333, 98.27666666666667, 98.78, 99.16, 99.40333333333334, 99.53999999999999, 99.59833333333333, 99.72999999999999, 99.78833333333334, 99.82833333333333, 98.75833333333334, 98.65, 99.46666666666667, 99.77000000000001]
Valid_loss=[0.008980646508679753, 0.005090042920349676, 0.004143742140714181, 0.0036127023597782065, 0.003192150241271929, 0.0030159601546733113, 0.002913133600057493, 0.0029741263319949455, 0.002813968550380026, 0.0027737856869030817, 0.00277790223557955, 0.004690569033389889, 0.004772705191889265, 0.003311429348722569, 0.002916657471355432]
Valid_accuracy=[95.12, 96.96000000000001, 97.49, 97.83, 97.92999999999999, 98.06, 98.15, 98.18, 98.26, 98.22999999999999, 98.25, 97.43, 97.26, 97.98, 98.26]


