Dataset: MNIST
Data Type: Raw
Percentage of data: 20%
Architecture: [784,500,500,10]
Ativation: Sigmoid
Optimizer: adam

Train_loss = [0.020453374641969994, 0.015370725833592084, 0.012185497629308128, 0.01009113577881716, 0.008487831040197534, 0.007477895833703164, 0.006697119162578446, 0.00610890602714745, 0.005664598875245947, 0.0053438196138773115, 0.005132944630909333, 0.004998643589461351, 0.004910888514378305, 0.0048573147389844185, 0.004882024128242934]
Train_accuracy= [90.10000000000001, 92.16, 93.43166666666667, 94.34333333333333, 94.98833333333333, 95.46, 95.88166666666666, 96.24666666666667, 96.50333333333333, 96.68833333333333, 96.79666666666667, 96.85666666666667, 96.84833333333333, 96.82333333333332, 96.77833333333334]
Valid_loss = [0.020376544405025974, 0.015404468315066778, 0.012352834022101212, 0.010382176719784088, 0.008867483838844899, 0.007948023051568946, 0.0072533019458708246, 0.006737254240031898, 0.006359610092461254, 0.006100639234881784, 0.005937007945839235, 0.005830488886348567, 0.0057610305565019, 0.005752406815580369, 0.005827648167210424]
Valid_accuracy = [90.12, 92.11, 93.26, 94.11, 94.67, 95.06, 95.39999999999999, 95.67999999999999, 95.93, 96.09, 96.21, 96.37, 96.38, 96.39, 96.22]



