Dataset: MNIST
Data Type: Features
Percentage of data: 100%
Architecture: [784,500,500,10]
Ativation: Sigmoid
Optimizer: adam

Train_loss=[0.02533634088086015, 0.018595247696627487, 0.015627765412435747, 0.013791629862278016, 0.01264401472975138, 0.011920916863483505, 0.011427630381597085, 0.010979362317752204, 0.01062525118214652, 0.01025960862125063, 0.009975654645667215, 0.009723138001495917, 0.009492068898402088, 0.009282414086413603, 0.0091583451163257]
Train_accuracy=[87.685, 90.56833333333333, 92.01666666666667, 92.81833333333334, 93.31666666666666, 93.61, 93.83333333333333, 94.03833333333334, 94.22333333333334, 94.42166666666667, 94.53833333333334, 94.675, 94.81166666666667, 94.89166666666667, 95.02166666666668]
Valid_loss=[0.02539761433614275, 0.017589043681223323, 0.015101464281869611, 0.013292477982219745, 0.012235061958027134, 0.011537550934974088, 0.011106268731327792, 0.010780540064734901, 0.010543022949671275, 0.010236460730039075, 0.010046285076479472, 0.009873794701150344, 0.009706055301120389, 0.009556784679067185, 0.009494440921944894]
Valid_accuracy=[88.09, 91.36999999999999, 92.58, 93.24, 94.02000000000001, 94.28999999999999, 94.45, 94.58, 94.66, 94.71000000000001, 94.77, 94.88, 94.94, 94.99, 95.1]




