Dataset: MNIST
Data Type: Features
Percentage of data: 20%
Architecture: [784,500,500,10]
Ativation: Sigmoid
Optimizer: adam

Train_loss= [0.04811954337277718, 0.03905975125680167, 0.03415916110449904, 0.02990436080694336, 0.02501367174137474, 0.02248602781850827, 0.02079614788691005, 0.019509411251905844, 0.018510659793052726, 0.01771066599907997, 0.01702871569318902, 0.01642770903604127, 0.01592878518926152, 0.015521637039843873, 0.015198743860136223]
Train_accuracy= [72.16666666666667, 77.2, 81.11666666666667, 84.97166666666666, 88.12, 89.03666666666666, 89.63, 90.115, 90.49000000000001, 90.83666666666666, 91.17833333333333, 91.485, 91.71166666666667, 91.85333333333332, 91.975]
Valid_loss= [0.0474562508132969, 0.038070567851489365, 0.03371544464295973, 0.03026735856619801, 0.0249721823425384, 0.022188707273810296, 0.020332208125882507, 0.018984774360053962, 0.01798308682077307, 0.017205876699101258, 0.01653412101851553, 0.015946624178665953, 0.015449838320010907, 0.015042737843393227, 0.014723514496820462]
Valid_accuracy= [72.38, 78.78, 82.54, 85.83, 88.64999999999999, 89.89, 90.33, 90.86, 91.21000000000001, 91.67, 91.92, 92.07, 92.30000000000001, 92.41, 92.54]






